
237
306
343
149
218
204
130
76
243
225
19
326
222
22
69
22
112
309
76
256
106
74
177
113
286
186
322
83
173
339
139
102
310
267
76
146
75
241
228
177
353
121
348
194
321
238
94
200
33
279
109
269
58
349
58
212
304
224
281
3
131
252
236
111
293
296
266
164
234
198
150
117
130
25
0
186
329
317
141
331
8
187
307
159
295
209
177
296
217
325
337
149
273
61
138
9
126
53
349
20
344
210
263
82
292
99
165
108
191
37
114
291
119
302
281
163
257
339
183
130
20
117
353
257
143
7
113
143
305
107
116
142
251
356
36
93
236
237
91
22
54
121
180
269
356
28
85
166
25
125
230
23
220
170
201
337
87
201
281
114
345
307
264
61
35
62
112
255
19
187
232
282
198
142
194
144
209
25
270
236
189
26
158
201
71
359
253
286
269
327
325
54
161
27
150
58
125
89
151
107
278
167
65
192
122
245
98
8
280
29
6
137
16
188
314
139
167
145
162
85
337
116
244
36
295
144
227
265
64
51
10
216
151
242
309
167
43
227
48
284
328
120
234
284
122
104
21
202
248
300
83
15
179
290
286
236
244
326
2
23
248
94
83
217
90
193
123
121
25
181
291
137
316
281
190
71
328
243
344
123
38
126
199
94
197
298
197
313
226
95
313
209
247
268
67
26
299
329
356
99
58
105
51
141
226
46
194
165
134
357
321
198
127
179
331
122
208
120
195
178
19
59
177
145
325
170
356
88
147
99
241
97
238
183
147
163
200
257
65
95
110
6
71
305
110
80
44
278
220
42
181
300
187
298
156
308
38
176
145
67
209
233
199
16
45
252
1
222
247
334
202
317
118
25
3
229
10
323
65
332
37
333
261
26
121
26
352
68
35
331
336
43
108
14
143
350
75
118
136
299
67
306
276
145
44
169
225
81
184
100
233
84
16
40
166
26
250
347
272
52
124
292
11
49
116
325
350
255
97
183
50
65
326
109
212
238
99
131
349
237
56
293
90
309
326
25
235
314
174
159
124
262
300
27
6
38
297
145
81
317
257
7
342
239
272
327
72
154
182
77
133
24
273
292
40
357
124
324
227
266
274
55
135
267
24
334
159
61
288
166
260
194
259
210
138
2
163
157
90
172
3
274
60
168
303
199
49
85
307
259
248
353
341
18
229
52
27
60
17
358
108
161
14
211
217
98
353
277
318
192
16
58
339
222
13
219
218
291
73
110
338
324
218
12
334
274
25
328
210
358
43
130
1
132
100
160
233
20
358
184
74
117
29
7
226
319
184
253
252
262
114
37
220
307
210
210
8
245
8
196
300
234
223
85
180
345
329
122
157
331
183
104
28
59
318
74
111
41
159
152
193
300
325
25
84
29
235
2
242
261
73
105
142
336
260
32
24
257
0
180
24
6
312
77
243
260
45
159
298
28
197
232
272
153
240
132
300
238
296
62
332
76
295
324
201
98
322
151
226
205
290
3
225
96
102
52
17
31
213
169
181
6
142
67
142
115
94
285
18
340
255
265
192
246
9
355
118
229
254
118
151
111
85
295
347
269
201
126
313
347
312
358
182
163
357
24
280
192
288
242
198
136
149
44
326
188
255
205
251
235
356
327
99
351
88
73
115
179
187
349
30
197
290
97
297
315
138
87
339
261
94
196
21
289
87
100
251
324
322
336
260
21
295
123
188
317
346
100
172
269
64
25
294
10
176
37
165
285
64
21
260
65
291
63
303
65
276
117
92
182
307
169
29
39
12
284
52
301
10
257
330
198
344
200
272
164
207
128
149
211
331
359
199
254
74
285
256
225
154
229
161
152
293
247
266
344
187
332
95
151
303
137
8
27
324
114
351
256
345
29
156
152
208
299
240
145
313
112
277
63
235
263
100
344
359
40
150
257
244
136
136
151
197
89
296
336
304
232
26
69
264
322
162
223
320
3
147
147
9
285
81
5
95
77
199
309
187
113
266
190
306
21
111
229
181
46
297
129
299
350
94
36
165
251
232
142
56
302
274
39
152
69
158
349
112
8
177
118
141
149
317
114
156
164
81
166
124
110
340
119
17
237
322
156
16
294
196
345
131
75
327
123
147
347
253
224
313
34
303
180
307
284
332
253
217
152
341
92
279
67
124
77
358
18
312
236
303
190
197
185
218
359
331
321
221
281
104
306
262
292
312
284
19
213
98
119
88
181
108
319
304
107
86
187
41
120
331
91
194
330
30
31
322
28
324
78
318
316
123
87
100
251
187
16
97
128
116
125
25
