Размер квадрата: 400
Средняя длина трубки: 10
Количество трубок: 100
Количество испытаний: 5
***************************
Испытание1
***************************
      x|      y|      k|
    260|    271|      9|
    190|    318|     10|
    301|    107|     11|
    332|    123|      9|
    183|    116|     10|
    390|    274|     11|
    379|     59|      9|
    348|    356|     11|
    345|    118|     10|
    342|     96|      9|
    242|     67|      9|
    180|     52|      8|
    129|     49|     11|
    350|     25|     10|
    161|    208|      8|
    176|    119|      9|
    202|    229|     11|
     97|    121|     12|
     91|     18|      9|
    326|    144|      9|
    295|     71|      9|
    289|    176|     11|
    140|    398|      9|
    369|    208|      9|
    236|     70|     11|
     47|     38|     10|
    228|    197|     10|
    266|     92|      9|
     35|    308|      9|
    296|    126|      8|
    160|     11|     11|
    234|    317|      9|
     11|      2|      9|
    315|    136|      9|
    345|    328|      9|
    199|    251|     11|
    192|     61|      9|
    399|    298|     10|
     68|    292|      9|
    179|    169|     11|
    102|     44|     10|
    276|    192|     10|
    358|    266|      7|
    316|    229|     10|
      4|    251|      9|
     15|    295|     10|
    121|     43|     11|
    323|     57|      9|
    277|    325|     11|
    361|     39|     10|
    144|     73|     10|
    190|    358|      9|
    357|    220|      9|
      8|     72|     10|
    120|    360|      9|
    318|    195|     10|
    364|    314|      9|
    100|    252|     10|
    186|     95|      9|
     75|    180|      9|
     88|     53|      8|
     68|     99|     10|
    221|     95|      8|
     11|    364|     11|
    302|    344|      9|
    234|    350|     12|
    215|    379|     10|
    210|    386|     11|
    107|    259|     10|
    182|    150|     10|
     73|    395|     11|
    138|    188|     11|
    139|    361|      9|
    138|    362|      9|
    252|    357|      9|
     47|    221|      9|
    283|    394|     10|
     79|    357|     11|
    213|    349|     10|
    115|    145|      9|
    398|    327|      9|
    331|     84|     10|
    147|    115|     11|
    181|    133|     12|
     23|    333|     10|
    269|    206|      9|
    326|    213|     10|
     69|    183|      8|
    376|    232|     10|
    175|    242|      7|
    395|    153|     10|
      3|     12|      9|
    157|    335|     10|
    311|    187|     10|
    234|    330|     10|
    107|    263|     10|
    120|    299|      8|
     91|    340|      8|
    216|    277|      8|
    132|    211|      9|
***************************
Испытание2
***************************
      x|      y|      k|
    351|    325|     10|
    288|    153|      9|
    151|    174|     10|
    389|    183|      9|
    335|    148|     11|
    270|    289|     10|
     62|    257|      9|
     14|    275|     10|
     72|    331|     11|
    173|    217|     10|
      5|    248|     10|
    169|    229|     10|
     42|    242|     10|
    389|     85|      9|
    366|     70|      8|
    290|    375|     10|
    215|    148|      9|
     68|    277|      9|
     35|    153|      9|
    155|    274|     12|
    211|    333|     10|
    354|    303|      9|
    186|     19|      7|
    113|    253|      8|
    230|     57|     10|
    319|    263|      9|
    213|    106|     11|
    316|    150|     10|
    211|    232|     10|
    204|    200|      9|
    189|    383|      9|
     67|    248|     10|
    286|    209|      9|
    359|     59|      9|
    175|    199|     10|
     44|    239|      9|
    230|    342|      8|
    176|    265|     10|
      0|    290|      9|
     21|    150|     10|
     62|    395|      8|
     91|    391|      9|
     73|    184|      9|
    279|    143|     11|
    247|    307|      9|
    385|     79|     11|
    200|    241|      9|
     41|    313|      9|
    270|     31|     11|
    267|    140|     11|
    214|    397|     11|
    239|     41|     10|
    367|    359|     12|
    303|    194|      8|
    163|    277|      9|
    192|    314|      9|
    187|    312|      9|
    209|    173|      8|
    236|    255|      8|
    365|     19|      7|
    264|    367|      9|
    197|     39|      9|
    342|     92|      9|
    391|    169|     10|
    176|    208|     10|
    233|    181|     10|
     31|     21|      9|
     13|     45|     10|
     58|     26|      8|
    148|    170|      9|
    112|    199|     11|
    257|    256|      9|
     90|    327|     10|
     32|    111|      9|
    250|    178|     10|
    214|    340|      8|
    235|    242|     10|
    121|    293|     10|
    375|    255|      9|
    246|    198|     10|
    174|     36|     10|
    381|     47|      9|
    309|    135|      9|
    273|    279|      9|
    138|    181|     11|
     79|     13|     11|
    374|     36|     10|
    283|     15|     11|
    396|    199|      9|
    284|      2|     10|
    251|    289|      8|
     59|    338|     12|
    325|    354|      9|
     16|    354|      9|
    113|    107|      9|
    348|    395|     10|
    282|     86|     12|
    184|    239|     10|
      1|     65|      9|
    171|     51|     10|
***************************
Испытание3
***************************
      x|      y|      k|
     11|    159|      8|
    123|    257|     11|
     71|    220|     10|
    163|    295|      9|
     25|     23|     11|
    241|     26|      9|
    340|    198|      9|
     22|    154|      9|
    304|     88|     10|
     80|    178|     11|
     74|     60|     10|
    395|    113|      9|
    280|    139|     10|
    322|    329|     11|
     66|    325|     11|
    150|    309|      9|
    236|    347|      8|
    326|    387|      9|
    216|    159|     10|
    198|    101|     11|
    295|     69|     11|
    127|    382|      9|
    349|    282|     10|
    107|    154|      8|
     65|    253|     10|
    109|    265|      8|
    284|    345|      8|
    370|    147|      8|
    156|     37|      9|
     80|    193|      9|
    372|     45|     11|
    258|    167|     10|
    202|    121|     11|
    271|    282|     10|
     62|     52|     10|
    114|    257|     10|
     13|    209|     10|
    308|    242|     10|
    375|     64|      9|
    145|    145|     10|
     11|    121|     11|
    132|    128|     11|
     29|    230|     10|
    260|     72|      9|
    277|    226|      9|
     19|    142|     11|
    257|     95|      9|
     21|    140|     10|
    186|    245|      9|
    380|    327|      8|
    276|     88|     10|
    268|     58|     10|
    375|    126|     10|
    146|    143|      9|
    204|    164|     11|
    281|    144|     10|
     25|    241|     10|
    304|    213|     10|
     86|      8|      9|
     35|     90|      9|
     90|     70|     12|
    158|    335|      9|
    373|    368|     10|
    183|    329|     10|
    197|    266|     11|
    330|     44|     10|
    180|     15|      8|
    100|    165|      9|
    298|    174|      9|
    243|    162|     11|
    187|     43|      8|
     58|    234|     10|
    335|    287|     10|
    250|    324|      8|
    337|     55|      9|
    264|    204|      9|
      9|    346|     10|
    290|     41|      9|
    307|    322|     10|
    103|    288|      8|
    371|    194|      9|
    369|    121|      8|
    150|    329|      8|
    296|    100|      9|
    246|    128|      9|
    369|    308|      9|
     95|    181|     10|
    237|    319|     10|
    166|    246|     10|
    248|    305|     10|
    262|     22|     11|
    149|    276|     10|
     71|    102|     10|
    388|    152|      9|
    264|    346|     10|
    114|    282|      9|
    246|    100|      7|
    113|    169|     11|
    156|    335|     10|
    159|    145|      7|
***************************
Испытание4
***************************
      x|      y|      k|
    155|    171|      8|
    158|    331|      9|
     19|    315|     10|
    313|    202|      9|
    307|    252|     11|
    173|    246|     10|
    241|    362|      8|
    146|    230|     10|
    184|     35|      8|
     36|     38|      9|
    256|     30|      9|
    135|     40|     10|
    184|     22|      9|
    362|    154|      9|
    345|     36|     10|
    323|     69|      8|
    108|    322|      8|
    272|    132|      9|
    302|    119|     11|
    318|    163|     12|
    116|    278|      9|
    354|    279|     10|
     15|    100|      9|
     65|      8|     10|
    267|    228|     10|
    229|    389|     11|
    286|    124|     11|
    141|    379|      9|
    176|    173|     11|
    334|    267|      9|
     10|    111|      9|
     45|    189|      8|
     49|    236|     10|
    205|      9|      9|
    199|    238|      8|
    344|    225|     11|
    244|    167|     10|
    294|     65|     11|
    361|    277|      8|
    379|    189|      9|
     23|    342|     13|
     86|    181|     10|
     47|    380|     10|
    130|    306|      9|
    290|    382|     10|
    242|     32|      8|
    280|     19|     11|
    169|     17|     10|
    333|     92|      9|
      0|    247|     10|
    188|     30|      9|
    111|    118|     10|
    298|    340|     10|
     78|    383|     10|
    143|    159|     10|
     81|    122|      9|
    333|    280|     10|
     35|    185|      9|
    338|    299|     11|
     62|    230|     10|
    352|     11|      8|
    104|     70|      9|
    355|    240|      8|
    231|    241|     10|
    113|    159|     10|
    156|    255|     12|
    346|    296|      8|
     46|    272|     10|
    273|    334|     10|
     14|    193|     10|
    279|    354|      8|
    121|     38|     11|
    130|    195|      9|
     49|    181|      9|
     18|    398|      9|
    187|    132|      8|
    156|    303|      9|
     99|    325|      9|
    271|     19|     10|
    323|    332|     10|
    366|     58|     11|
    373|    150|      9|
    135|     35|      9|
    339|    157|      8|
    252|    202|     10|
    177|      2|      9|
    261|     98|     10|
     40|    264|      8|
    141|    273|     10|
    184|     34|     11|
    337|    202|      8|
     76|    271|      8|
    374|    240|      9|
    331|      0|     10|
    230|    366|      9|
    348|    395|     10|
    153|    100|      9|
    216|    152|     12|
    242|    385|      7|
    366|     67|      9|
***************************
Испытание5
***************************
      x|      y|      k|
     57|    346|      9|
    385|    358|     10|
      5|    272|     10|
     89|    312|     10|
     60|     84|     10|
    276|    377|      8|
    196|    128|      9|
     30|     42|      9|
    311|    101|      8|
    321|    148|     10|
    104|     30|      9|
    145|     51|     10|
    174|    299|     10|
    271|    131|     10|
    216|    323|      9|
    133|    316|     10|
    193|    167|      9|
    162|    222|      9|
     18|    334|      8|
    393|    191|     10|
    393|    292|      9|
    166|     23|     10|
    127|    367|     10|
     36|    192|      9|
    363|     40|     10|
    190|     26|     10|
    356|    108|      9|
     27|    166|     10|
     92|    259|      9|
    230|    158|     10|
    281|     63|     10|
     26|     81|      9|
    322|     10|     10|
     81|     24|      9|
    377|    325|     10|
    129|    386|     10|
    352|    298|     10|
    360|    204|     10|
    158|    378|      7|
    215|    165|      9|
    250|    265|     10|
    311|    303|     10|
    104|     18|      8|
    197|    192|      8|
    272|    382|      9|
    185|    123|     10|
    305|     32|     12|
    316|     57|     10|
      7|     99|     10|
     28|    337|      9|
    340|    329|      8|
    355|     76|      8|
     98|    314|      9|
    157|    157|      8|
    247|    317|     11|
    386|    232|     10|
    286|    203|     10|
     78|    208|     10|
    225|    260|      7|
    213|    236|     10|
    100|    210|     10|
    187|     33|      9|
    373|    160|      9|
    337|     54|      9|
    244|    137|      9|
    321|    127|     10|
    376|    212|     10|
    181|    291|      8|
    346|    254|      9|
    390|     27|     10|
     30|     40|      8|
    354|     56|     11|
    337|    148|     10|
    360|    153|     10|
    385|     79|     10|
    313|     38|     11|
    310|    235|      7|
    188|    335|      8|
    115|    105|     10|
    361|    189|      9|
    136|    131|      9|
    140|    297|     10|
    198|    218|      8|
     72|     99|     10|
    357|    338|     10|
    213|    253|      9|
    262|    306|      9|
    251|    143|     10|
    126|    206|     10|
    233|    129|      9|
    155|     96|      9|
    212|    115|     11|
    198|    399|     10|
    176|     87|     10|
     47|    395|     11|
     85|    133|     11|
    395|    358|      8|
    291|    347|     11|
     20|    324|      8|
    397|     97|      9|
